$ swipl queens.pl 

?- queens(7, Qs). 
Qs = [6, 4, 2, 7, 5, 3, 1] ;
Qs = [5, 2, 6, 3, 7, 4, 1] ;
Qs = [4, 7, 3, 6, 2, 5, 1] ;
Qs = [3, 5, 7, 2, 4, 6, 1] ;
Qs = [6, 3, 5, 7, 1, 4, 2] ;
Qs = [7, 5, 3, 1, 6, 4, 2] ;
Qs = [6, 3, 7, 4, 1, 5, 2] ;
Qs = [6, 4, 7, 1, 3, 5, 2] ;
Qs = [6, 3, 1, 4, 7, 5, 2] ;
Qs = [5, 1, 4, 7, 3, 6, 2] ;
Qs = [4, 6, 1, 3, 5, 7, 2] ;
Qs = [4, 7, 5, 2, 6, 1, 3] ;
Qs = [5, 7, 2, 4, 6, 1, 3] ;
Qs = [1, 6, 4, 2, 7, 5, 3] ;
Qs = [7, 4, 1, 5, 2, 6, 3] ;
Qs = [5, 1, 6, 4, 2, 7, 3] ;
Qs = [6, 2, 5, 1, 4, 7, 3] ;
Qs = [5, 7, 2, 6, 3, 1, 4] ;
Qs = [7, 3, 6, 2, 5, 1, 4] ;
Qs = [6, 1, 3, 5, 7, 2, 4] ;
Qs = [2, 7, 5, 3, 1, 6, 4] ;
Qs = [1, 5, 2, 6, 3, 7, 4] ;
Qs = [3, 1, 6, 2, 5, 7, 4] ;
Qs = [2, 6, 3, 7, 4, 1, 5] ;
Qs = [3, 7, 2, 4, 6, 1, 5] ;
Qs = [1, 4, 7, 3, 6, 2, 5] ;
Qs = [7, 2, 4, 6, 1, 3, 5] ;
Qs = [3, 1, 6, 4, 2, 7, 5] ;
Qs = [4, 1, 3, 6, 2, 7, 5] ;
Qs = [4, 2, 7, 5, 3, 1, 6] ;
Qs = [3, 7, 4, 1, 5, 2, 6] ;
Qs = [2, 5, 7, 4, 1, 3, 6] ;
Qs = [2, 4, 1, 7, 5, 3, 6] ;
Qs = [2, 5, 1, 4, 7, 3, 6] ;
Qs = [1, 3, 5, 7, 2, 4, 6] ;
Qs = [2, 5, 3, 1, 7, 4, 6] ;
Qs = [5, 3, 1, 6, 4, 2, 7] ;
Qs = [4, 1, 5, 2, 6, 3, 7] ;
Qs = [3, 6, 2, 5, 1, 4, 7] ;
Qs = [2, 4, 6, 1, 3, 5, 7] ;
false.

